STEP 0 | beam_size=1 | visited=6
(77, 56, 0, 0)

STEP 1 | beam_size=6 | visited=20
(77, 56, 0, 0)
(76, 56, -2, 0)
(76, 55, -2, -2)
(76, 57, -2, 0)
(77, 55, 0, -2)
(77, 57, 0, 0)

STEP 2 | beam_size=19 | visited=48
(77, 57, 0, 0)
(75, 56, -2, 0)
(74, 56, -2, 0)
(73, 56, -4, 0)
(74, 56, -2, -2)
(73, 56, -4, -2)
(76, 57, -2, 0)
(75, 57, -2, 0)
(76, 56, -2, -2)
(75, 56, -2, -2)

STEP 3 | beam_size=35 | visited=100
(72, 56, -2, 0)
(73, 56, -2, 0)
(72, 56, -4, 0)
(71, 56, -4, 0)
(70, 56, -4, 0)
(71, 56, -4, -2)
(70, 56, -4, -2)
(69, 56, -4, 0)
(73, 56, -2, -2)
(68, 56, -6, 0)

STEP 4 | beam_size=77 | visited=180
(71, 56, -2, 0)
(70, 56, -2, 0)
(69, 56, -4, 0)
(67, 56, -4, 0)
(66, 56, -4, 0)
(68, 56, -4, 0)
(67, 56, -6, 0)
(66, 56, -6, 0)
(71, 56, -2, -2)
(65, 56, -6, 0)

STEP 5 | beam_size=100 | visited=260
(69, 56, -2, 0)
(68, 56, -2, 0)
(64, 56, -4, 0)
(63, 56, -4, 0)
(62, 56, -4, 0)
(60, 56, -8, 0)
(65, 56, -4, 0)
(59, 56, -8, 0)
(58, 56, -8, 0)
(57, 56, -8, 0)

STEP 6 | beam_size=100 | visited=340
(67, 56, -2, 0)
(66, 56, -2, 0)
(60, 56, -4, 0)
(59, 56, -4, 0)
(58, 56, -4, 0)
(52, 56, -8, 0)
(51, 56, -8, 0)
(50, 56, -8, 0)
(49, 56, -8, 0)
(48, 56, -8, 0)

STEP 7 | beam_size=100 | visited=420
(64, 56, -2, 0)
(65, 56, -2, 0)
(56, 56, -4, 0)
(55, 56, -4, 0)
(54, 56, -4, 0)
(44, 56, -8, 0)
(57, 56, -4, 0)
(43, 56, -8, 0)
(42, 56, -8, 0)
(64, 56, -2, -2)

STEP 8 | beam_size=100 | visited=500
(63, 56, -2, 0)
(62, 56, -2, 0)
(53, 56, -4, 0)
(52, 56, -4, 0)
(51, 56, -4, 0)
(50, 56, -4, 0)
(36, 56, -8, 0)
(35, 56, -8, 0)
(34, 56, -8, 0)
(63, 56, -2, -2)

STEP 9 | beam_size=100 | visited=580
(60, 56, -2, 0)
(61, 56, -2, 0)
(21, 56, -8, 0)
(48, 56, -4, 0)
(28, 56, -8, 0)
(27, 56, -8, 0)
(26, 56, -8, 0)
(25, 56, -8, 0)
(47, 56, -4, 0)
(24, 56, -8, 0)

STEP 10 | beam_size=100 | visited=682
(13, 55, -8, -2)
(13, 56, -8, -2)
(13, 56, -8, 0)
(14, 56, -8, -2)
(14, 56, -8, 0)
(14, 56, -8, -2)
(14, 55, -8, -2)
(15, 56, -8, 0)
(15, 56, -8, -2)
(15, 56, -8, 0)

STEP 11 | beam_size=100 | visited=776
(10, 53, -8, -4)
(9, 53, -8, -4)
(10, 54, -8, -2)
(9, 53, -8, -4)
(8, 52, -8, -4)
(8, 53, -8, -4)
(11, 54, -8, -2)
(11, 54, -8, -2)
(9, 54, -8, -2)
(9, 54, -8, -2)

STEP 12 | beam_size=100 | visited=835
(5, 51, -8, -4)
(5, 52, -8, -4)
(5, 53, -8, -4)
(14, 56, -6, 0)
(14, 55, -6, -2)
(5, 52, -8, -2)
(5, 54, -8, -2)
(15, 56, -6, 0)
(4, 51, -8, -4)
(4, 52, -8, -4)

STEP 13 | beam_size=87 | visited=940
(11, 54, -6, -2)
(10, 53, -6, -2)
(9, 52, -6, -4)
(11, 55, -6, -2)
(12, 55, -6, -2)
(9, 53, -6, -2)
(10, 54, -6, -2)
(10, 55, -6, -2)
(8, 52, -6, -4)
(9, 54, -6, -2)

STEP 14 | beam_size=100 | visited=976
(9, 53, -6, -4)
(8, 52, -6, -4)
(9, 54, -6, -2)
(8, 53, -6, -4)
(7, 52, -6, -4)
(8, 53, -6, -2)
(8, 54, -6, -2)
(7, 53, -6, -4)
(7, 53, -6, -2)
(7, 54, -6, -2)

STEP 15 | beam_size=69 | visited=1004
(4, 48, -6, -6)
(4, 49, -6, -4)
(3, 48, -6, -6)
(3, 48, -6, -6)
(3, 49, -6, -4)
(3, 49, -6, -4)
(48, 56, -2, 0)
(49, 56, -2, 0)
(24, 56, -4, 0)
(23, 56, -4, 0)

STEP 16 | beam_size=46 | visited=1031
(17, 56, -6, -2)
(19, 56, -4, 0)
(47, 56, -2, 0)
(46, 56, -2, 0)
(19, 56, -4, 0)
(18, 56, -4, 0)
(21, 56, -4, 0)
(18, 56, -6, -2)
(22, 56, -4, 0)
(20, 56, -4, 0)

STEP 17 | beam_size=40 | visited=1070
(12, 54, -6, -2)
(14, 56, -4, -2)
(14, 56, -4, 0)
(14, 55, -4, -2)
(15, 56, -4, 0)
(15, 56, -4, 0)
(15, 56, -4, -2)
(15, 56, -6, -2)
(17, 56, -4, 0)
(16, 56, -4, 0)

STEP 18 | beam_size=53 | visited=1161
(10, 52, -4, -4)
(10, 53, -4, -2)
(10, 54, -4, -2)
(10, 53, -4, -4)
(11, 54, -4, -2)
(11, 54, -4, -2)
(10, 55, -4, -2)
(11, 53, -4, -2)
(11, 55, -4, -2)
(12, 55, -4, -2)

STEP 19 | beam_size=100 | visited=1345
(7, 49, -4, -4)
(7, 50, -4, -4)
(7, 51, -4, -2)
(8, 51, -4, -2)
(8, 51, -4, -4)
(8, 50, -4, -4)
(7, 51, -4, -4)
(8, 49, -4, -4)
(8, 52, -4, -2)
(7, 52, -4, -2)

STEP 20 | beam_size=100 | visited=1438
(7, 50, -4, -2)
(7, 48, -4, -4)
(6, 46, -4, -4)
(7, 47, -4, -4)
(6, 47, -4, -4)
(6, 50, -4, -4)
(6, 49, -4, -4)
(6, 48, -4, -4)
(6, 50, -4, -2)
(7, 46, -4, -6)

STEP 21 | beam_size=100 | visited=1442
(4, 39, -4, -8)
(4, 40, -4, -6)
(4, 43, -4, -4)
(3, 38, -4, -8)
(3, 37, -4, -8)
(3, 39, -4, -8)
(3, 38, -4, -6)
(3, 39, -4, -6)
(3, 39, -4, -8)
(4, 48, -4, -2)

STEP 22 | beam_size=4 | visited=1442
(1, 31, -4, -8)
(1, 34, -4, -6)
(1, 39, -4, -4)
(1, 46, -4, -2)

